0 362
1 798
2 12
3 756
4 199
5 525
6 307
7 206
8 732
9 505
10 749
11 644
12 440
13 484
14 852
15 171
16 549
17 290
18 473
19 72
20 163
21 80
22 191
23 911
24 177
25 185
26 18
27 395
28 671
29 561
30 30
31 198
32 224
33 310
34 410
35 342
36 173
37 250
38 3
39 227
40 543
41 386
42 84
43 632
44 377
45 455
46 22
47 57
48 220
49 443
50 602
51 467
52 212
53 424
54 366
55 288
56 773
57 294
58 484
59 368
60 34
61 295
62 80
63 222
64 502
65 60
66 904
67 157
68 134
69 462
70 78
71 280
72 67
73 607
74 157
75 312
76 773
77 362
78 309
79 142
80 501
81 34
82 246
83 609
84 708
85 259
86 474
87 31
88 119
89 696
90 165
91 419
92 641
93 546
94 2
95 471
96 280
97 91
98 2
99 363
