362 933 798 
12 237 756 
199 15 525 
307 91 206 
732 678 505 
749 466 644 
440 166 484 
852 570 171 
549 31 290 
473 167 72 
163 80 
191 229 911 
177 569 185 
18 693 395 
671 181 561 
30 273 198 
224 165 310 
410 446 342 
173 541 250 
3 378 227 
543 386 
84 110 632 
377 165 455 
22 670 57 
220 651 443 
602 176 467 
212 124 424 
366 22 288 
773 294 
484 607 368 
34 88 295 
80 19 222 
502 325 3 60 
904 283 157 
134 596 462 
78 280 
67 607 
157 375 312 
773 515 362 
309 52 142 
501 225 34 
246 965 609 
708 402 259 
474 144 31 
119 457 8 696 
165 708 419 
641 47 546 
2 471 
280 334 91 
2 248 21 363 
