242
851
601
917
743
223
391
619
989
589
939
817
867
567
573
324
911
98
301
576
317
528
162
794
467
919
445
951
961
893
268
10
353
377
763
546
850
538
610
456
361
627
956
943
407
297
180
398
741
871
130
383
634
302
195
85
899
891
72
316
37
807
973
433
854
597
955
920
772
81
153
925
357
472
936
885
459
327
39
823
815
179
178
603
531
675
549
625
45
555
622
53
840
174
185
184
624
57
550
804
406
54
663
395
209
119
371
129
430
163
873
309
776
999
490
296
157
594
812
533
894
785
300
210
52
520
387
965
423
392
713
149
337
455
754
859
375
294
608
788
110
116
797
880
408
620
287
874
636
756
757
404
638
650
25
914
175
857
968
895
104
216
709
401
266
352
787
729
246
340
904
107
44
614
59
334
63
105
465
238
131
350
892
672
974
308
