414
773
689
449
681
661
243
749
215
747
22
64
120
883
596
91
199
979
734
726
888
148
118
933
702
484
975
432
30
641
365
662
643
748
908
640
769
143
146
944
697
502
29
544
435
438
518
848
932
994
824
922
987
690
152
525
409
156
346
114
586
664
154
655
727
760
957
126
135
252
273
523
746
65
960
656
905
997
660
278
988
474
581
289
127
394
227
279
82
298
725
134
440
111
200
685
740
834
651
896
483
699
753
220
439
18
535
241
522
70
381
274
795
738
595
197
875
226
217
849
61
476
250
720
836
249
694
189
678
393
428
461
320
147
125
410
591
985
592
646
333
258
469
765
869
272
159
17
76
464
909
263
169
959
497
36
66
616
553
305
775
281
363
724
38
913
506
328
418
580
604
488
271
95
133
766
113
866
843
736
225
355
541
68
495
477
372
384
507
208
521
1
764
876
855
649
343
71
256
356
446
329
519
842
345
963
501
237
204
102
454
347
