336
718
500
419
900
674
790
56
124
993
161
508
106
744
551
845
380
218
84
364
716
228
318
762
829
645
717
588
31
902
582
732
285
6
711
262
524
138
282
79
805
865
92
376
861
542
219
602
770
310
816
683
400
202
927
20
677
870
887
452
722
671
403
100
0
583
83
341
723
5
415
368
96
952
491
639
254
424
599
666
33
934
516
417
207
97
437
462
458
803
335
93
977
558
648
647
832
992
517
752
901
598
141
948
128
3
560
293
637
526
24
557
566
171
537
572
291
886
556
707
630
422
673
642
879
369
73
940
605
692
606
7
158
802
313
312
136
87
479
426
442
257
486
962
23
434
214
611
49
8
321
399
379
793
978
230
691
838
982
612
172
682
696
721
615
182
373
657
429
144
35
388
221
728
628
231
881
69
731
669
811
737
16
679
280
34
860
784
427
43
863
19
570
311
487
828
635
552
192
444
947
362
160
244
751
903
819
121
564
307
21
980
547
460
984
232
