801
265
470
877
411
714
924
389
513
99
28
830
778
942
314
536
609
841
921
58
658
421
897
806
590
151
791
910
633
354
623
584
480
137
568
140
112
701
833
211
27
150
240
213
665
700
117
139
332
761
853
579
814
342
397
351
390
890
290
101
759
188
742
26
617
122
789
205
949
191
323
945
451
503
245
168
916
967
47
837
512
509
14
482
453
471
306
554
48
852
367
212
46
315
4
856
253
907
693
187
808
514
527
813
996
108
330
145
652
810
818
831
9
540
299
295
559
13
275
561
964
468
201
89
190
229
234
510
809
109
489
236
868
750
515
32
405
800
653
284
585
715
938
348
248
77
493
878
889
165
436
698
539
196
935
915
779
511
966
496
492
668
735
463
820
846
995
569
304
971
344
950
577
338
676
239
695
607
74
825
644
75
55
835
386
923
450
826
796
986
67
322
821
710
40
203
862
906
931
123
277
