898
755
970
167
739
339
78
90
534
545
466
847
447
504
730
198
50
326
505
319
132
998
412
786
774
425
42
799
142
571
264
176
276
385
882
575
593
780
618
983
981
431
473
80
494
60
194
937
953
51
562
233
269
574
632
767
41
782
958
222
62
457
798
822
288
267
712
181
918
235
758
530
872
839
621
283
827
792
686
783
631
155
626
991
396
481
270
844
255
613
370
719
173
703
170
745
325
708
578
12
704
183
303
420
972
11
733
705
402
2
532
529
629
251
499
684
331
563
548
186
349
166
543
475
929
667
771
680
103
768
670
600
177
360
884
358
115
164
86
448
659
88
485
498
976
247
946
864
193
15
781
292
777
441
366
926
990
413
930
224
416
260
706
259
374
941
587
478
286
912
261
443
688
858
954
654
378
94
359
687
565
969
206
928
382
